pos,aa,count,ratio
1,M,23,0.561
2,E,23,0.561
3,S,23,0.561
4,E,23,0.561
5,E,23,0.561
6,E,23,0.561
7,Q,23,0.561
8,H,23,0.561
9,M,23,0.561
10,T,23,0.561
11,T,23,0.561
12,L,23,0.561
13,L,23,0.561
14,C,23,0.561
15,M,23,0.561
16,G,23,0.561
17,F,23,0.561
18,S,23,0.561
19,D,23,0.561
20,P,23,0.561
21,A,23,0.561
22,T,23,0.561
23,I,23,0.561
24,R,23,0.561
25,K,23,0.561
26,A,23,0.561
27,L,23,0.561
28,R,23,0.561
29,L,23,0.561
30,A,23,0.561
31,K,23,0.561
32,N,23,0.561
33,D,23,0.561
34,I,23,0.561
35,N,23,0.561
36,E,23,0.561
37,A,23,0.561
38,V,23,0.561
39,A,23,0.561
40,L,23,0.561
41,L,23,0.561
42,T,23,0.561
43,N,23,0.561
44,E,23,0.561
45,R,23,0.561
46,P,23,0.561
47,G,23,0.561
48,L,23,0.561
49,D,23,0.561
50,Y,23,0.561
51,G,23,0.561
52,G,0,0.0
53,Y,23,0.561
54,E,23,0.561
55,P,23,0.561
56,M,23,0.561
57,D,23,0.561
58,S,23,0.561
59,G,22,0.537
60,G,4,0.098
61,G,4,0.098
62,P,8,0.195
63,S,9,0.22
64,P,19,0.463
65,G,19,0.463
66,P,20,0.488
67,G,20,0.488
68,G,20,0.488
69,G,18,0.439
70,P,16,0.39
71,R,17,0.415
72,G,17,0.415
73,D,17,0.415
74,G,19,0.463
75,G,20,0.488
76,G,21,0.512
77,D,23,0.561
78,G,24,0.585
79,G,12,0.293
80,G,12,0.293
81,G,12,0.293
82,G,12,0.293
83,P,11,0.268
84,S,13,0.317
85,R,10,0.244
86,G,10,0.244
87,G,10,0.244
88,S,10,0.244
89,T,22,0.537
90,G,22,0.537
91,G,23,0.561
92,G,23,0.561
93,G,25,0.61
94,G,25,0.61
95,F,26,0.634
96,D,27,0.659
97,P,27,0.659
98,P,28,0.683
99,P,28,0.683
100,A,28,0.683
101,Y,28,0.683
102,H,28,0.683
103,E,28,0.683
104,V,28,0.683
105,V,28,0.683
106,D,28,0.683
107,A,28,0.683
108,E,28,0.683
109,K,28,0.683
110,N,28,0.683
111,D,30,0.732
112,E,30,0.732
113,N,30,0.732
114,G,29,0.707
115,N,29,0.707
116,C,28,0.683
117,S,28,0.683
118,G,28,0.683
119,E,29,0.707
120,G,29,0.707
121,I,29,0.707
122,E,29,0.707
123,F,35,0.854
124,P,35,0.854
125,T,35,0.854
126,T,35,0.854
127,N,35,0.854
128,L,35,0.854
129,Y,35,0.854
130,E,36,0.878
131,L,36,0.878
132,E,36,0.878
133,S,36,0.878
134,R,36,0.878
135,V,36,0.878
136,L,36,0.878
137,T,36,0.878
138,D,36,0.878
139,H,36,0.878
140,W,36,0.878
141,S,36,0.878
142,I,36,0.878
143,P,36,0.878
144,Y,36,0.878
145,K,36,0.878
146,R,36,0.878
147,E,36,0.878
148,E,36,0.878
149,S,36,0.878
150,L,36,0.878
151,G,36,0.878
152,K,36,0.878
153,C,36,0.878
154,L,36,0.878
155,L,36,0.878
156,A,36,0.878
157,S,36,0.878
158,T,36,0.878
159,Y,36,0.878
160,L,36,0.878
161,A,36,0.878
162,R,36,0.878
163,L,36,0.878
164,G,37,0.902
165,L,38,0.927
166,S,37,0.902
167,E,37,0.902
168,S,37,0.902
169,D,37,0.902
170,E,37,0.902
171,N,37,0.902
172,C,37,0.902
173,R,36,0.878
174,R,36,0.878
175,F,36,0.878
176,M,36,0.878
177,D,36,0.878
178,R,36,0.878
179,C,35,0.854
180,M,35,0.854
181,P,36,0.878
182,E,36,0.878
183,A,36,0.878
184,F,36,0.878
185,K,37,0.902
186,K,37,0.902
187,L,37,0.902
188,L,37,0.902
189,T,37,0.902
190,S,36,0.878
191,S,36,0.878
192,A,36,0.878
193,V,36,0.878
194,H,36,0.878
195,K,36,0.878
196,W,36,0.878
197,G,36,0.878
198,T,37,0.902
199,E,37,0.902
200,I,37,0.902
201,H,37,0.902
202,E,37,0.902
203,G,37,0.902
204,I,37,0.902
205,Y,37,0.902
206,N,37,0.902
207,M,37,0.902
208,L,37,0.902
209,M,37,0.902
210,L,37,0.902
211,L,37,0.902
212,I,37,0.902
213,E,36,0.878
214,L,36,0.878
215,V,36,0.878
216,A,36,0.878
217,E,36,0.878
218,R,36,0.878
219,I,36,0.878
220,K,36,0.878
221,Q,36,0.878
222,D,36,0.878
223,P,36,0.878
224,I,36,0.878
225,P,36,0.878
226,T,25,0.61
227,G,25,0.61
228,L,35,0.854
229,L,35,0.854
230,G,35,0.854
231,V,35,0.854
232,L,35,0.854
233,T,35,0.854
234,M,35,0.854
235,A,36,0.878
236,F,36,0.878
237,N,36,0.878
238,P,36,0.878
239,D,36,0.878
240,N,36,0.878
241,E,36,0.878
242,Y,36,0.878
243,H,36,0.878
244,F,36,0.878
245,K,36,0.878
246,N,36,0.878
247,R,36,0.878
248,M,36,0.878
249,K,36,0.878
250,V,36,0.878
251,S,36,0.878
252,Q,36,0.878
253,R,36,0.878
254,N,36,0.878
255,W,36,0.878
256,A,35,0.854
257,E,35,0.854
258,V,35,0.854
259,F,35,0.854
260,G,35,0.854
261,E,36,0.878
262,G,36,0.878
263,N,36,0.878
264,M,36,0.878
265,F,36,0.878
266,A,36,0.878
267,V,36,0.878
268,S,36,0.878
269,P,36,0.878
270,V,35,0.854
271,S,36,0.878
272,T,26,0.634
273,F,26,0.634
274,Q,26,0.634
275,K,36,0.878
276,E,35,0.854
277,P,34,0.829
278,H,34,0.829
279,G,34,0.829
280,W,34,0.829
281,V,34,0.829
282,V,34,0.829
283,D,34,0.829
284,L,34,0.829
285,V,33,0.805
286,N,33,0.805
287,K,33,0.805
288,F,33,0.805
289,G,33,0.805
290,E,33,0.805
291,L,33,0.805
292,G,33,0.805
293,G,33,0.805
294,F,33,0.805
295,A,33,0.805
296,A,33,0.805
297,I,33,0.805
298,Q,33,0.805
299,A,33,0.805
300,K,33,0.805
301,L,33,0.805
302,H,33,0.805
303,S,33,0.805
304,E,33,0.805
305,D,33,0.805
306,I,33,0.805
307,E,33,0.805
308,L,33,0.805
309,G,33,0.805
310,A,35,0.854
311,V,36,0.878
312,S,36,0.878
313,A,36,0.878
314,L,36,0.878
315,I,36,0.878
316,Q,35,0.854
317,P,35,0.854
318,L,35,0.854
319,G,35,0.854
320,V,35,0.854
321,C,35,0.854
322,A,35,0.854
323,E,35,0.854
324,Y,35,0.854
325,L,35,0.854
326,N,35,0.854
327,S,36,0.878
328,S,36,0.878
329,V,36,0.878
330,V,36,0.878
331,Q,36,0.878
332,P,34,0.829
333,M,34,0.829
334,L,35,0.854
335,D,34,0.829
336,P,34,0.829
337,V,35,0.854
338,I,35,0.854
339,L,35,0.854
340,T,35,0.854
341,T,35,0.854
342,I,34,0.829
343,Q,34,0.829
344,D,34,0.829
345,V,32,0.78
346,R,32,0.78
347,S,32,0.78
348,V,32,0.78
349,E,32,0.78
350,E,32,0.78
351,K,32,0.78
352,D,32,0.78
353,L,33,0.805
354,K,34,0.829
355,D,34,0.829
356,K,34,0.829
357,R,36,0.878
358,L,36,0.878
359,V,36,0.878
360,S,36,0.878
361,I,36,0.878
362,P,36,0.878
363,E,36,0.878
364,L,36,0.878
365,L,36,0.878
366,S,36,0.878
367,A,36,0.878
368,V,36,0.878
369,K,36,0.878
370,L,36,0.878
371,L,36,0.878
372,C,36,0.878
373,M,36,0.878
374,R,36,0.878
375,F,36,0.878
376,Q,36,0.878
377,P,36,0.878
378,D,36,0.878
379,L,36,0.878
380,V,36,0.878
381,T,36,0.878
382,I,36,0.878
383,V,36,0.878
384,D,36,0.878
385,D,36,0.878
386,L,36,0.878
387,R,36,0.878
388,L,36,0.878
389,D,36,0.878
390,I,36,0.878
391,L,36,0.878
392,L,36,0.878
393,R,36,0.878
394,M,36,0.878
395,L,36,0.878
396,K,36,0.878
397,S,36,0.878
398,P,36,0.878
399,H,36,0.878
400,F,36,0.878
401,S,36,0.878
402,A,36,0.878
403,K,36,0.878
404,M,36,0.878
405,N,36,0.878
406,S,36,0.878
407,L,36,0.878
408,K,36,0.878
409,E,36,0.878
410,V,36,0.878
411,T,36,0.878
412,K,36,0.878
413,L,36,0.878
414,I,36,0.878
415,E,36,0.878
416,D,36,0.878
417,S,36,0.878
418,T,36,0.878
419,L,36,0.878
420,S,36,0.878
421,K,36,0.878
422,S,36,0.878
423,V,36,0.878
424,K,36,0.878
425,N,36,0.878
426,A,36,0.878
427,I,36,0.878
428,D,36,0.878
429,T,36,0.878
430,D,36,0.878
431,R,36,0.878
432,L,36,0.878
433,L,36,0.878
434,D,36,0.878
435,W,36,0.878
436,L,36,0.878
437,V,36,0.878
438,E,36,0.878
439,N,36,0.878
440,S,36,0.878
441,V,36,0.878
442,L,36,0.878
443,S,36,0.878
444,I,36,0.878
445,A,36,0.878
446,L,36,0.878
447,E,36,0.878
448,G,36,0.878
449,N,34,0.829
450,I,34,0.829
451,D,34,0.829
452,Q,34,0.829
453,A,34,0.829
454,Q,34,0.829
455,Y,34,0.829
456,C,34,0.829
457,D,34,0.829
458,R,34,0.829
459,I,34,0.829
460,K,34,0.829
461,G,34,0.829
462,I,34,0.829
463,I,34,0.829
464,E,34,0.829
465,L,34,0.829
466,L,34,0.829
467,G,34,0.829
468,S,34,0.829
469,K,34,0.829
470,L,34,0.829
471,S,34,0.829
472,L,34,0.829
473,D,34,0.829
474,E,34,0.829
475,L,34,0.829
476,T,34,0.829
477,K,36,0.878
478,I,36,0.878
479,W,36,0.878
480,K,36,0.878
481,I,36,0.878
482,Q,36,0.878
483,S,36,0.878
484,G,36,0.878
485,Q,35,0.854
486,S,35,0.854
487,S,35,0.854
488,T,35,0.854
489,V,35,0.854
490,I,35,0.854
491,E,35,0.854
492,N,35,0.854
493,I,35,0.854
494,H,35,0.854
495,T,35,0.854
496,I,35,0.854
497,I,35,0.854
498,A,36,0.878
499,A,36,0.878
500,A,36,0.878
501,A,36,0.878
502,V,36,0.878
503,K,36,0.878
504,F,36,0.878
505,N,36,0.878
506,S,36,0.878
507,D,36,0.878
508,Q,36,0.878
509,L,36,0.878
510,N,36,0.878
511,H,36,0.878
512,L,36,0.878
513,F,36,0.878
514,V,35,0.854
515,L,35,0.854
516,I,35,0.854
517,Q,35,0.854
518,K,35,0.854
519,S,34,0.829
520,W,34,0.829
521,E,34,0.829
522,T,34,0.829
523,E,34,0.829
524,S,34,0.829
525,D,34,0.829
526,R,34,0.829
527,V,34,0.829
528,R,34,0.829
529,Q,34,0.829
530,K,35,0.854
531,L,35,0.854
532,L,35,0.854
533,S,35,0.854
534,L,35,0.854
535,I,35,0.854
536,G,35,0.854
537,R,35,0.854
538,I,35,0.854
539,G,35,0.854
540,R,35,0.854
541,E,35,0.854
542,A,35,0.854
543,R,35,0.854
544,F,35,0.854
545,E,35,0.854
546,T,35,0.854
547,T,35,0.854
548,S,35,0.854
549,G,35,0.854
550,K,35,0.854
551,V,35,0.854
552,L,35,0.854
553,D,35,0.854
554,V,35,0.854
555,L,35,0.854
556,W,35,0.854
557,E,35,0.854
558,L,35,0.854
559,A,35,0.854
560,H,35,0.854
561,L,35,0.854
562,P,34,0.829
563,T,34,0.829
564,L,35,0.854
565,P,35,0.854
566,S,35,0.854
567,S,34,0.829
568,L,34,0.829
569,I,35,0.854
570,Q,35,0.854
571,Q,35,0.854
572,A,35,0.854
573,L,35,0.854
574,E,35,0.854
575,E,35,0.854
576,H,35,0.854
577,L,35,0.854
578,T,35,0.854
579,I,35,0.854
580,L,35,0.854
581,S,35,0.854
582,D,36,0.878
583,A,36,0.878
584,Y,36,0.878
585,A,36,0.878
586,V,36,0.878
587,K,36,0.878
588,E,36,0.878
589,A,36,0.878
590,I,36,0.878
591,K,36,0.878
592,R,36,0.878
593,S,36,0.878
594,Y,36,0.878
595,I,36,0.878
596,I,36,0.878
597,K,36,0.878
598,C,36,0.878
599,I,36,0.878
600,E,35,0.854
601,D,35,0.854
602,I,35,0.854
603,K,35,0.854
604,R,20,0.488
605,P,17,0.415
606,G,17,0.415
607,E,16,0.39
608,W,15,0.366
609,S,13,0.317
610,G,10,0.244
611,L,10,0.244
612,E,12,0.293
613,K,22,0.537
614,N,22,0.537
615,K,22,0.537
616,K,22,0.537
617,D,12,0.293
618,G,12,0.293
619,F,12,0.293
620,K,21,0.512
621,S,24,0.585
622,S,24,0.585
623,Q,23,0.561
624,L,22,0.537
625,N,23,0.561
626,N,23,0.561
627,P,23,0.561
628,Q,23,0.561
629,F,23,0.561
630,V,24,0.585
631,W,35,0.854
632,V,35,0.854
633,V,35,0.854
634,P,35,0.854
635,A,35,0.854
636,L,35,0.854
637,R,34,0.829
638,Q,36,0.878
639,L,36,0.878
640,H,36,0.878
641,E,36,0.878
642,I,36,0.878
643,T,36,0.878
644,R,35,0.854
645,S,35,0.854
646,F,35,0.854
647,I,35,0.854
648,K,35,0.854
649,Q,35,0.854
650,T,35,0.854
651,Y,35,0.854
652,Q,35,0.854
653,K,35,0.854
654,Q,35,0.854
655,D,35,0.854
656,K,34,0.829
657,S,35,0.854
658,I,36,0.878
659,I,36,0.878
660,Q,35,0.854
661,D,35,0.854
662,L,36,0.878
663,K,36,0.878
664,K,36,0.878
665,N,36,0.878
666,F,36,0.878
667,E,36,0.878
668,I,36,0.878
669,V,36,0.878
670,K,36,0.878
671,L,36,0.878
672,V,36,0.878
673,T,36,0.878
674,G,36,0.878
675,S,36,0.878
676,L,36,0.878
677,I,36,0.878
678,A,36,0.878
679,C,36,0.878
680,H,36,0.878
681,R,36,0.878
682,L,36,0.878
683,A,36,0.878
684,A,36,0.878
685,A,36,0.878
686,V,36,0.878
687,A,36,0.878
688,G,36,0.878
689,P,36,0.878
690,G,36,0.878
691,G,36,0.878
692,L,33,0.805
693,S,35,0.854
694,G,35,0.854
695,S,35,0.854
696,T,35,0.854
697,L,34,0.829
698,V,34,0.829
699,D,34,0.829
700,G,34,0.829
701,R,36,0.878
702,Y,36,0.878
703,T,36,0.878
704,Y,36,0.878
705,R,36,0.878
706,E,36,0.878
707,Y,35,0.854
708,L,35,0.854
709,E,35,0.854
710,A,35,0.854
711,H,35,0.854
712,L,35,0.854
713,K,35,0.854
714,F,34,0.829
715,L,35,0.854
716,A,35,0.854
717,F,35,0.854
718,F,35,0.854
719,L,35,0.854
720,Q,35,0.854
721,E,36,0.878
722,A,36,0.878
723,T,36,0.878
724,L,36,0.878
725,Y,36,0.878
726,L,36,0.878
727,G,35,0.854
728,W,36,0.878
729,N,36,0.878
730,R,36,0.878
731,A,36,0.878
732,K,36,0.878
733,E,35,0.854
734,I,35,0.854
735,W,35,0.854
736,E,35,0.854
737,C,35,0.854
738,L,36,0.878
739,V,36,0.878
740,T,36,0.878
741,G,35,0.854
742,Q,35,0.854
743,D,25,0.61
744,V,35,0.854
745,C,35,0.854
746,E,35,0.854
747,L,34,0.829
748,D,34,0.829
749,R,35,0.854
750,E,35,0.854
751,M,36,0.878
752,C,36,0.878
753,F,36,0.878
754,E,36,0.878
755,W,36,0.878
756,F,35,0.854
757,T,35,0.854
758,K,35,0.854
759,G,35,0.854
760,Q,35,0.854
761,H,36,0.878
762,D,36,0.878
763,L,36,0.878
764,E,36,0.878
765,S,36,0.878
766,D,36,0.878
767,V,36,0.878
768,Q,36,0.878
769,Q,36,0.878
770,Q,36,0.878
771,L,36,0.878
772,F,35,0.854
773,K,35,0.854
774,E,35,0.854
775,K,35,0.854
776,I,35,0.854
777,L,35,0.854
778,K,35,0.854
779,L,35,0.854
780,E,35,0.854
781,S,35,0.854
782,Y,35,0.854
783,E,35,0.854
784,I,36,0.878
785,T,36,0.878
786,M,36,0.878
787,N,36,0.878
788,G,36,0.878
789,F,36,0.878
790,N,36,0.878
791,L,36,0.878
792,F,36,0.878
793,K,36,0.878
794,T,36,0.878
795,F,36,0.878
796,F,36,0.878
797,E,36,0.878
798,N,36,0.878
799,V,36,0.878
800,N,36,0.878
801,L,36,0.878
802,C,36,0.878
803,D,36,0.878
804,H,36,0.878
805,R,36,0.878
806,L,36,0.878
807,K,36,0.878
808,R,36,0.878
809,Q,36,0.878
810,G,36,0.878
811,A,36,0.878
812,Q,36,0.878
813,L,36,0.878
814,Y,35,0.854
815,V,35,0.854
816,E,35,0.854
817,K,35,0.854
818,L,35,0.854
819,E,35,0.854
820,L,35,0.854
821,I,35,0.854
822,G,35,0.854
823,M,35,0.854
824,D,35,0.854
825,F,35,0.854
826,I,35,0.854
827,W,35,0.854
828,K,35,0.854
829,I,35,0.854
830,A,35,0.854
831,M,35,0.854
832,E,35,0.854
833,S,35,0.854
834,P,35,0.854
835,D,35,0.854
836,E,26,0.634
837,E,33,0.805
838,I,35,0.854
839,A,35,0.854
840,N,35,0.854
841,E,35,0.854
842,A,35,0.854
843,I,35,0.854
844,Q,35,0.854
845,L,35,0.854
846,I,35,0.854
847,I,35,0.854
848,N,35,0.854
849,Y,35,0.854
850,S,24,0.585
851,Y,35,0.854
852,I,35,0.854
853,N,35,0.854
854,L,35,0.854
855,N,35,0.854
856,P,35,0.854
857,R,35,0.854
858,L,35,0.854
859,K,35,0.854
860,K,35,0.854
861,D,36,0.878
862,S,36,0.878
863,V,35,0.854
864,S,35,0.854
865,L,35,0.854
866,H,35,0.854
867,K,35,0.854
868,K,35,0.854
869,F,35,0.854
870,I,35,0.854
871,A,35,0.854
872,D,35,0.854
873,C,35,0.854
874,Y,35,0.854
875,T,35,0.854
876,R,35,0.854
877,L,35,0.854
878,E,35,0.854
879,A,36,0.878
880,A,36,0.878
881,S,36,0.878
882,S,36,0.878
883,A,36,0.878
884,L,36,0.878
885,G,25,0.61
886,G,24,0.585
887,P,24,0.585
888,T,24,0.585
889,L,24,0.585
890,T,24,0.585
891,H,24,0.585
892,A,35,0.854
893,V,35,0.854
894,T,35,0.854
895,R,35,0.854
896,A,35,0.854
897,T,35,0.854
898,K,35,0.854
899,M,24,0.585
900,L,24,0.585
901,T,24,0.585
902,A,24,0.585
903,T,24,0.585
904,A,25,0.61
905,M,25,0.61
906,P,36,0.878
907,T,36,0.878
908,V,36,0.878
909,A,36,0.878
910,T,35,0.854
911,S,35,0.854
912,V,35,0.854
913,Q,35,0.854
914,S,34,0.829
915,P,34,0.829
916,Y,35,0.854
917,R,35,0.854
918,S,30,0.732
919,T,30,0.732
920,K,30,0.732
921,L,30,0.732
922,V,29,0.707
923,I,29,0.707
924,I,35,0.854
925,E,35,0.854
926,R,35,0.854
927,L,30,0.732
928,L,30,0.732
929,L,30,0.732
930,L,30,0.732
931,A,30,0.732
932,E,30,0.732
933,R,35,0.854
934,Y,35,0.854
935,V,34,0.829
936,I,34,0.829
937,T,34,0.829
938,I,34,0.829
939,E,33,0.805
940,D,35,0.854
941,F,35,0.854
942,Y,35,0.854
943,S,35,0.854
944,V,35,0.854
945,P,35,0.854
946,R,35,0.854
947,T,35,0.854
948,I,35,0.854
949,L,35,0.854
950,P,35,0.854
951,H,34,0.829
952,G,34,0.829
953,A,34,0.829
954,S,35,0.854
955,F,35,0.854
956,H,35,0.854
957,G,35,0.854
958,H,35,0.854
959,L,35,0.854
960,L,35,0.854
961,T,35,0.854
962,L,35,0.854
963,N,35,0.854
964,V,35,0.854
965,T,35,0.854
966,Y,35,0.854
967,E,35,0.854
968,S,35,0.854
969,T,35,0.854
970,K,35,0.854
971,D,35,0.854
972,T,35,0.854
973,F,35,0.854
974,T,35,0.854
975,V,35,0.854
976,E,36,0.878
977,A,36,0.878
978,H,36,0.878
979,S,36,0.878
980,N,36,0.878
981,E,36,0.878
982,T,36,0.878
983,I,36,0.878
984,G,36,0.878
985,S,36,0.878
986,V,36,0.878
987,R,36,0.878
988,W,36,0.878
989,K,36,0.878
990,I,36,0.878
991,A,36,0.878
992,K,36,0.878
993,Q,36,0.878
994,L,36,0.878
995,C,36,0.878
996,S,36,0.878
997,P,36,0.878
998,V,36,0.878
999,D,36,0.878
1000,N,36,0.878
1001,I,36,0.878
1002,Q,36,0.878
1003,I,36,0.878
1004,F,36,0.878
1005,T,36,0.878
1006,N,36,0.878
1007,D,36,0.878
1008,S,36,0.878
1009,L,36,0.878
1010,L,36,0.878
1011,T,36,0.878
1012,V,36,0.878
1013,N,36,0.878
1014,K,36,0.878
1015,D,36,0.878
1016,Q,36,0.878
1017,K,36,0.878
1018,L,36,0.878
1019,L,36,0.878
1020,H,36,0.878
1021,Q,36,0.878
1022,L,36,0.878
1023,G,36,0.878
1024,F,36,0.878
1025,S,36,0.878
1026,D,36,0.878
1027,E,36,0.878
1028,Q,36,0.878
1029,I,36,0.878
1030,L,36,0.878
1031,T,36,0.878
1032,V,36,0.878
1033,K,36,0.878
1034,T,36,0.878
1035,S,36,0.878
1036,G,35,0.854
1037,S,36,0.878
1038,G,36,0.878
1039,T,36,0.878
1040,P,36,0.878
1041,S,36,0.878
1042,G,36,0.878
1043,S,36,0.878
1044,S,36,0.878
1045,A,36,0.878
1046,D,36,0.878
1047,S,36,0.878
1048,S,35,0.854
1049,T,35,0.854
1050,S,35,0.854
1051,S,35,0.854
1052,S,35,0.854
1053,S,35,0.854
1054,S,35,0.854
1055,S,35,0.854
1056,S,35,0.854
1057,G,35,0.854
1058,V,36,0.878
1059,F,36,0.878
1060,S,36,0.878
1061,S,36,0.878
1062,S,36,0.878
1063,Y,36,0.878
1064,A,36,0.878
1065,M,36,0.878
1066,E,36,0.878
1067,Q,36,0.878
1068,E,36,0.878
1069,K,36,0.878
1070,S,36,0.878
1071,L,36,0.878
1072,P,36,0.878
1073,G,36,0.878
1074,V,36,0.878
1075,V,36,0.878
1076,M,36,0.878
1077,A,36,0.878
1078,L,36,0.878
1079,V,36,0.878
1080,C,36,0.878
1081,N,36,0.878
1082,V,36,0.878
1083,F,36,0.878
1084,D,36,0.878
1085,M,36,0.878
1086,L,36,0.878
1087,Y,36,0.878
1088,Q,36,0.878
1089,L,36,0.878
1090,A,36,0.878
1091,N,36,0.878
1092,L,36,0.878
1093,E,36,0.878
1094,E,35,0.854
1095,P,35,0.854
1096,R,34,0.829
1097,I,35,0.854
1098,T,35,0.854
1099,L,35,0.854
1100,R,35,0.854
1101,V,35,0.854
1102,R,35,0.854
1103,K,35,0.854
1104,L,35,0.854
1105,L,35,0.854
1106,L,35,0.854
1107,L,35,0.854
1108,I,35,0.854
1109,P,35,0.854
1110,T,35,0.854
1111,D,35,0.854
1112,P,35,0.854
1113,A,35,0.854
1114,I,33,0.805
1115,Q,33,0.805
1116,E,33,0.805
1117,A,35,0.854
1118,L,35,0.854
1119,D,26,0.634
1120,Q,27,0.659
1121,L,27,0.659
1122,D,17,0.415
1123,S,17,0.415
1124,L,17,0.415
1125,G,17,0.415
1126,R,26,0.634
1127,K,26,0.634
1128,K,26,0.634
1129,T,26,0.634
1130,L,33,0.805
1131,L,33,0.805
1132,S,33,0.805
1133,E,32,0.78
1134,S,32,0.78
1135,S,29,0.707
1136,S,29,0.707
1137,Q,27,0.659
1138,S,32,0.78
1139,S,32,0.78
1140,K,34,0.829
1141,S,35,0.854
1142,P,34,0.829
1143,S,34,0.829
1144,L,32,0.78
1145,S,31,0.756
1146,S,31,0.756
1147,K,24,0.585
1148,Q,24,0.585
1149,Q,23,0.561
1150,H,23,0.561
1151,Q,24,0.585
1152,P,23,0.561
1153,S,23,0.561
1154,A,23,0.561
1155,S,23,0.561
1156,S,24,0.585
1157,I,24,0.585
1158,L,26,0.634
1159,E,27,0.659
1160,S,27,0.659
1161,L,27,0.659
1162,F,27,0.659
1163,R,31,0.756
1164,S,31,0.756
1165,F,35,0.854
1166,A,35,0.854
1167,P,35,0.854
1168,G,35,0.854
1169,M,34,0.829
1170,S,34,0.829
1171,T,24,0.585
1172,F,24,0.585
1173,R,35,0.854
1174,V,35,0.854
1175,L,35,0.854
1176,Y,36,0.878
1177,N,36,0.878
1178,L,35,0.854
1179,E,35,0.854
1180,V,36,0.878
1181,L,36,0.878
1182,S,36,0.878
1183,S,36,0.878
1184,K,36,0.878
1185,L,36,0.878
1186,M,36,0.878
1187,P,36,0.878
1188,T,33,0.805
1189,A,36,0.878
1190,D,36,0.878
1191,D,36,0.878
1192,D,34,0.829
1193,M,28,0.683
1194,A,28,0.683
1195,R,28,0.683
1196,S,28,0.683
1197,C,25,0.61
1198,A,36,0.878
1199,K,36,0.878
1200,S,36,0.878
1201,F,36,0.878
1202,C,36,0.878
1203,E,35,0.854
1204,N,35,0.854
1205,F,35,0.854
1206,L,35,0.854
1207,K,35,0.854
1208,A,35,0.854
1209,G,35,0.854
1210,G,35,0.854
1211,L,35,0.854
1212,S,35,0.854
1213,L,35,0.854
1214,V,35,0.854
1215,V,35,0.854
1216,N,35,0.854
1217,V,35,0.854
1218,M,35,0.854
1219,Q,35,0.854
1220,R,35,0.854
1221,D,35,0.854
1222,S,35,0.854
1223,I,35,0.854
1224,P,35,0.854
1225,S,35,0.854
1226,E,35,0.854
1227,V,35,0.854
1228,D,35,0.854
1229,Y,35,0.854
1230,E,35,0.854
1231,T,35,0.854
1232,R,35,0.854
1233,Q,35,0.854
1234,G,35,0.854
1235,V,35,0.854
1236,Y,35,0.854
1237,S,35,0.854
1238,I,35,0.854
1239,C,35,0.854
1240,L,36,0.878
1241,Q,36,0.878
1242,L,36,0.878
1243,A,36,0.878
1244,R,36,0.878
1245,F,36,0.878
1246,L,36,0.878
1247,L,36,0.878
1248,V,33,0.805
1249,G,33,0.805
1250,Q,33,0.805
1251,T,33,0.805
1252,M,33,0.805
1253,P,33,0.805
1254,T,36,0.878
1255,L,36,0.878
1256,L,35,0.854
1257,D,35,0.854
1258,E,35,0.854
1259,D,32,0.78
1260,L,35,0.854
1261,T,35,0.854
1262,K,35,0.854
1263,D,34,0.829
1264,G,34,0.829
1265,I,16,0.39
1266,E,33,0.805
1267,A,34,0.829
1268,L,33,0.805
1269,S,33,0.805
1270,S,32,0.78
1271,R,32,0.78
1272,P,34,0.829
1273,F,34,0.829
1274,R,34,0.829
1275,N,35,0.854
1276,V,35,0.854
1277,S,35,0.854
1278,R,35,0.854
1279,Q,18,0.439
1280,T,35,0.854
1281,S,35,0.854
1282,R,35,0.854
1283,Q,35,0.854
1284,M,34,0.829
1285,S,34,0.829
1286,L,34,0.829
1287,C,33,0.805
1288,G,33,0.805
1289,T,35,0.854
1290,P,35,0.854
1291,E,35,0.854
1292,K,35,0.854
1293,S,35,0.854
1294,S,35,0.854
1295,Y,34,0.829
1296,R,34,0.829
1297,Q,34,0.829
1298,L,34,0.829
1299,S,34,0.829
1300,V,30,0.732
1301,S,30,0.732
1302,D,30,0.732
1303,R,36,0.878
1304,S,36,0.878
1305,S,36,0.878
1306,I,36,0.878
1307,R,36,0.878
1308,V,35,0.854
1309,E,33,0.805
1310,E,33,0.805
1311,I,33,0.805
1312,I,33,0.805
1313,P,33,0.805
1314,A,35,0.854
1315,A,35,0.854
1316,R,35,0.854
1317,V,35,0.854
1318,A,35,0.854
1319,I,35,0.854
1320,Q,35,0.854
1321,T,33,0.805
1322,M,33,0.805
1323,E,33,0.805
1324,V,34,0.829
1325,S,34,0.829
1326,D,34,0.829
1327,F,34,0.829
1328,T,33,0.805
1329,S,33,0.805
1330,T,35,0.854
1331,V,35,0.854
1332,A,34,0.829
1333,C,35,0.854
1334,F,35,0.854
1335,M,35,0.854
1336,R,36,0.878
1337,L,36,0.878
1338,S,36,0.878
1339,W,36,0.878
1340,A,36,0.878
1341,A,36,0.878
1342,A,36,0.878
1343,A,36,0.878
1344,G,36,0.878
1345,R,36,0.878
1346,L,36,0.878
1347,D,34,0.829
1348,L,34,0.829
1349,V,35,0.854
1350,G,35,0.854
1351,S,35,0.854
1352,S,33,0.805
1353,Q,32,0.78
1354,P,26,0.634
1355,I,27,0.659
1356,K,29,0.707
1357,E,29,0.707
1358,S,27,0.659
1359,N,27,0.659
1360,S,26,0.634
1361,L,26,0.634
1362,C,23,0.561
1363,P,23,0.561
1364,A,24,0.585
1365,G,24,0.585
1366,I,24,0.585
1367,R,24,0.585
1368,N,30,0.732
1369,R,30,0.732
1370,L,31,0.756
1371,S,31,0.756
1372,S,33,0.805
1373,S,33,0.805
1374,G,33,0.805
1375,S,33,0.805
1376,N,31,0.756
1377,C,32,0.78
1378,S,32,0.78
1379,S,32,0.78
1380,G,32,0.78
1381,S,32,0.78
1382,E,32,0.78
1383,G,31,0.756
1384,E,31,0.756
1385,P,22,0.537
1386,V,22,0.537
1387,A,22,0.537
1388,L,22,0.537
1389,H,22,0.537
1390,A,22,0.537
1391,G,22,0.537
1392,I,22,0.537
1393,C,22,0.537
1394,V,22,0.537
1395,R,21,0.512
1396,Q,22,0.537
1397,Q,23,0.561
1398,S,24,0.585
1399,V,24,0.585
1400,S,24,0.585
1401,T,31,0.756
1402,K,31,0.756
1403,D,33,0.805
1404,S,33,0.805
1405,L,33,0.805
1406,I,33,0.805
1407,A,33,0.805
1408,G,33,0.805
1409,E,33,0.805
1410,A,33,0.805
1411,L,33,0.805
1412,S,33,0.805
1413,L,33,0.805
1414,L,33,0.805
1415,V,33,0.805
1416,T,33,0.805
1417,C,33,0.805
1418,L,33,0.805
1419,Q,33,0.805
1420,L,33,0.805
1421,R,33,0.805
1422,S,33,0.805
1423,Q,33,0.805
1424,Q,33,0.805
1425,L,33,0.805
1426,A,32,0.78
1427,S,31,0.756
1428,F,33,0.805
1429,Y,33,0.805
1430,N,33,0.805
1431,L,33,0.805
1432,P,33,0.805
1433,C,33,0.805
1434,V,33,0.805
1435,A,33,0.805
1436,D,33,0.805
1437,F,33,0.805
1438,I,33,0.805
1439,I,33,0.805
1440,D,33,0.805
1441,I,33,0.805
1442,L,33,0.805
1443,L,33,0.805
1444,G,33,0.805
1445,S,33,0.805
1446,P,33,0.805
1447,S,34,0.829
1448,A,35,0.854
1449,E,35,0.854
1450,I,36,0.878
1451,R,36,0.878
1452,R,36,0.878
1453,V,36,0.878
1454,A,36,0.878
1455,C,36,0.878
1456,D,36,0.878
1457,Q,36,0.878
1458,L,36,0.878
1459,Y,36,0.878
1460,T,36,0.878
1461,L,36,0.878
1462,S,36,0.878
1463,Q,36,0.878
1464,T,36,0.878
1465,D,36,0.878
1466,T,36,0.878
1467,S,36,0.878
1468,A,36,0.878
1469,H,36,0.878
1470,P,25,0.61
1471,D,25,0.61
1472,V,25,0.61
1473,Q,25,0.61
1474,K,36,0.878
1475,P,36,0.878
1476,N,36,0.878
1477,Q,36,0.878
1478,F,36,0.878
1479,L,36,0.878
1480,L,36,0.878
1481,G,36,0.878
1482,V,36,0.878
1483,I,36,0.878
1484,L,36,0.878
1485,T,36,0.878
1486,A,25,0.61
1487,Q,25,0.61
1488,L,25,0.61
1489,P,24,0.585
1490,L,24,0.585
1491,W,23,0.561
1492,S,24,0.585
1493,P,24,0.585
1494,T,24,0.585
1495,S,24,0.585
1496,I,35,0.854
1497,M,35,0.854
1498,R,35,0.854
1499,G,35,0.854
1500,V,35,0.854
1501,N,35,0.854
1502,Q,34,0.829
1503,R,34,0.829
1504,L,35,0.854
1505,L,35,0.854
1506,S,35,0.854
1507,Q,35,0.854
1508,C,36,0.878
1509,M,36,0.878
1510,E,36,0.878
1511,Y,36,0.878
1512,F,36,0.878
1513,D,36,0.878
1514,L,36,0.878
1515,R,36,0.878
1516,C,36,0.878
1517,Q,36,0.878
1518,L,36,0.878
1519,L,36,0.878
1520,D,36,0.878
1521,D,36,0.878
1522,L,36,0.878
1523,T,36,0.878
1524,T,36,0.878
1525,S,36,0.878
1526,E,35,0.854
1527,M,35,0.854
1528,E,35,0.854
1529,Q,28,0.683
1530,L,26,0.634
1531,R,34,0.829
1532,I,36,0.878
1533,S,36,0.878
1534,P,36,0.878
1535,A,36,0.878
1536,T,36,0.878
1537,M,36,0.878
1538,L,36,0.878
1539,E,36,0.878
1540,D,36,0.878
1541,E,36,0.878
1542,I,36,0.878
1543,T,36,0.878
1544,W,36,0.878
1545,L,36,0.878
1546,D,36,0.878
1547,N,36,0.878
1548,F,36,0.878
1549,E,36,0.878
1550,P,36,0.878
1551,N,36,0.878
1552,R,36,0.878
1553,T,36,0.878
1554,A,36,0.878
1555,E,36,0.878
1556,C,36,0.878
1557,E,36,0.878
1558,T,36,0.878
1559,S,36,0.878
1560,E,35,0.854
1561,A,36,0.878
1562,D,28,0.683
1563,N,28,0.683
1564,I,28,0.683
1565,L,34,0.829
1566,L,36,0.878
1567,A,36,0.878
1568,G,36,0.878
1569,H,36,0.878
1570,L,36,0.878
1571,R,36,0.878
1572,L,35,0.854
1573,I,35,0.854
1574,K,35,0.854
1575,T,35,0.854
1576,L,35,0.854
1577,L,35,0.854
1578,S,35,0.854
1579,L,35,0.854
1580,C,35,0.854
1581,G,35,0.854
1582,A,35,0.854
1583,E,35,0.854
1584,K,35,0.854
1585,E,35,0.854
1586,M,35,0.854
1587,L,35,0.854
1588,G,35,0.854
1589,S,35,0.854
1590,S,35,0.854
1591,L,36,0.878
1592,I,35,0.854
1593,K,35,0.854
1594,P,34,0.829
1595,L,35,0.854
1596,L,35,0.854
1597,D,35,0.854
1598,D,34,0.829
1599,F,34,0.829
1600,L,34,0.829
1601,F,34,0.829
1602,R,35,0.854
1603,A,35,0.854
1604,S,35,0.854
1605,R,35,0.854
1606,I,36,0.878
1607,I,36,0.878
1608,L,36,0.878
1609,N,35,0.854
1610,S,36,0.878
1611,H,34,0.829
1612,S,33,0.805
1613,P,22,0.537
1614,A,30,0.732
1615,G,30,0.732
1616,S,36,0.878
1617,A,36,0.878
1618,A,36,0.878
1619,I,32,0.78
1620,S,33,0.805
1621,Q,24,0.585
1622,Q,29,0.707
1623,D,33,0.805
1624,F,32,0.78
1625,H,32,0.78
1626,P,35,0.854
1627,K,36,0.878
1628,C,36,0.878
1629,S,36,0.878
1630,T,36,0.878
1631,A,35,0.854
1632,N,35,0.854
1633,S,35,0.854
1634,R,35,0.854
1635,L,35,0.854
1636,A,35,0.854
1637,A,35,0.854
1638,Y,35,0.854
1639,E,35,0.854
1640,V,35,0.854
1641,L,35,0.854
1642,V,36,0.878
1643,M,36,0.878
1644,L,36,0.878
1645,A,36,0.878
1646,D,36,0.878
1647,S,36,0.878
1648,S,36,0.878
1649,P,36,0.878
1650,S,36,0.878
1651,N,36,0.878
1652,L,35,0.854
1653,Q,35,0.854
1654,I,35,0.854
1655,I,35,0.854
1656,I,35,0.854
1657,K,35,0.854
1658,E,35,0.854
1659,L,35,0.854
1660,L,35,0.854
1661,S,35,0.854
1662,M,35,0.854
1663,H,35,0.854
1664,H,35,0.854
1665,Q,35,0.854
1666,P,35,0.854
1667,D,36,0.878
1668,P,36,0.878
1669,A,35,0.854
1670,L,35,0.854
1671,T,35,0.854
1672,K,25,0.61
1673,E,35,0.854
1674,F,35,0.854
1675,D,35,0.854
1676,Y,35,0.854
1677,L,35,0.854
1678,P,35,0.854
1679,P,35,0.854
1680,V,35,0.854
1681,D,36,0.878
1682,S,36,0.878
1683,R,36,0.878
1684,S,36,0.878
1685,S,36,0.878
1686,S,36,0.878
1687,G,36,0.878
1688,F,36,0.878
1689,V,36,0.878
1690,G,36,0.878
1691,L,36,0.878
1692,R,36,0.878
1693,N,36,0.878
1694,G,36,0.878
1695,G,36,0.878
1696,A,35,0.854
1697,T,35,0.854
1698,C,35,0.854
1699,Y,35,0.854
1700,M,35,0.854
1701,N,35,0.854
1702,A,35,0.854
1703,V,35,0.854
1704,F,35,0.854
1705,Q,35,0.854
1706,Q,36,0.878
1707,L,36,0.878
1708,Y,36,0.878
1709,M,36,0.878
1710,Q,36,0.878
1711,P,36,0.878
1712,G,36,0.878
1713,L,36,0.878
1714,P,36,0.878
1715,E,36,0.878
1716,S,36,0.878
1717,L,36,0.878
1718,L,36,0.878
1719,S,36,0.878
1720,V,36,0.878
1721,D,36,0.878
1722,D,36,0.878
1723,D,36,0.878
1724,T,36,0.878
1725,D,36,0.878
1726,N,36,0.878
1727,P,36,0.878
1728,D,36,0.878
1729,D,36,0.878
1730,S,36,0.878
1731,V,36,0.878
1732,F,36,0.878
1733,Y,36,0.878
1734,Q,36,0.878
1735,V,35,0.854
1736,Q,35,0.854
1737,S,35,0.854
1738,L,35,0.854
1739,F,35,0.854
1740,G,35,0.854
1741,H,35,0.854
1742,L,35,0.854
1743,M,35,0.854
1744,E,35,0.854
1745,S,35,0.854
1746,K,35,0.854
1747,L,35,0.854
1748,Q,35,0.854
1749,Y,35,0.854
1750,Y,35,0.854
1751,V,34,0.829
1752,P,34,0.829
1753,E,34,0.829
1754,N,34,0.829
1755,F,34,0.829
1756,W,34,0.829
1757,K,34,0.829
1758,I,36,0.878
1759,F,36,0.878
1760,K,36,0.878
1761,M,36,0.878
1762,W,36,0.878
1763,N,36,0.878
1764,K,36,0.878
1765,E,36,0.878
1766,L,36,0.878
1767,Y,36,0.878
1768,V,36,0.878
1769,R,36,0.878
1770,E,36,0.878
1771,Q,36,0.878
1772,Q,36,0.878
1773,D,36,0.878
1774,A,36,0.878
1775,Y,36,0.878
1776,E,36,0.878
1777,F,36,0.878
1778,F,36,0.878
1779,T,36,0.878
1780,S,36,0.878
1781,L,36,0.878
1782,I,36,0.878
1783,D,36,0.878
1784,Q,36,0.878
1785,M,36,0.878
1786,D,36,0.878
1787,E,36,0.878
1788,Y,36,0.878
1789,L,36,0.878
1790,K,35,0.854
1791,K,35,0.854
1792,M,35,0.854
1793,G,36,0.878
1794,R,36,0.878
1795,D,36,0.878
1796,Q,36,0.878
1797,I,36,0.878
1798,F,36,0.878
1799,K,36,0.878
1800,N,36,0.878
1801,T,36,0.878
1802,F,36,0.878
1803,Q,36,0.878
1804,G,36,0.878
1805,I,36,0.878
1806,Y,36,0.878
1807,S,36,0.878
1808,D,36,0.878
1809,Q,36,0.878
1810,K,36,0.878
1811,I,36,0.878
1812,C,36,0.878
1813,K,36,0.878
1814,D,36,0.878
1815,C,36,0.878
1816,P,36,0.878
1817,H,36,0.878
1818,R,36,0.878
1819,Y,36,0.878
1820,E,36,0.878
1821,R,36,0.878
1822,E,36,0.878
1823,E,36,0.878
1824,A,36,0.878
1825,F,36,0.878
1826,M,36,0.878
1827,A,36,0.878
1828,L,36,0.878
1829,N,36,0.878
1830,L,36,0.878
1831,G,36,0.878
1832,V,35,0.854
1833,T,35,0.854
1834,S,35,0.854
1835,C,36,0.878
1836,Q,36,0.878
1837,S,36,0.878
1838,L,36,0.878
1839,E,36,0.878
1840,I,36,0.878
1841,S,36,0.878
1842,L,36,0.878
1843,D,36,0.878
1844,Q,35,0.854
1845,F,35,0.854
1846,V,36,0.878
1847,R,36,0.878
1848,G,36,0.878
1849,E,36,0.878
1850,V,36,0.878
1851,L,36,0.878
1852,E,36,0.878
1853,G,36,0.878
1854,S,36,0.878
1855,N,36,0.878
1856,A,36,0.878
1857,Y,36,0.878
1858,Y,36,0.878
1859,C,36,0.878
1860,E,36,0.878
1861,K,36,0.878
1862,C,36,0.878
1863,K,36,0.878
1864,E,36,0.878
1865,K,36,0.878
1866,R,36,0.878
1867,I,36,0.878
1868,T,36,0.878
1869,V,36,0.878
1870,K,36,0.878
1871,R,36,0.878
1872,T,36,0.878
1873,C,36,0.878
1874,I,36,0.878
1875,K,36,0.878
1876,S,36,0.878
1877,L,36,0.878
1878,P,36,0.878
1879,S,36,0.878
1880,V,36,0.878
1881,L,35,0.854
1882,V,35,0.854
1883,I,35,0.854
1884,H,35,0.854
1885,L,35,0.854
1886,M,35,0.854
1887,R,35,0.854
1888,F,35,0.854
1889,G,35,0.854
1890,F,35,0.854
1891,D,35,0.854
1892,W,35,0.854
1893,E,35,0.854
1894,S,35,0.854
1895,G,35,0.854
1896,R,35,0.854
1897,S,36,0.878
1898,I,36,0.878
1899,K,36,0.878
1900,Y,36,0.878
1901,D,36,0.878
1902,E,36,0.878
1903,Q,36,0.878
1904,I,36,0.878
1905,R,36,0.878
1906,F,35,0.854
1907,P,35,0.854
1908,W,35,0.854
1909,M,35,0.854
1910,L,36,0.878
1911,N,36,0.878
1912,M,36,0.878
1913,E,36,0.878
1914,P,36,0.878
1915,Y,36,0.878
1916,T,36,0.878
1917,V,36,0.878
1918,S,36,0.878
1919,G,36,0.878
1920,M,36,0.878
1921,A,36,0.878
1922,R,36,0.878
1923,Q,36,0.878
1924,D,36,0.878
1925,S,32,0.78
1926,S,36,0.878
1927,S,36,0.878
1928,E,34,0.829
1929,V,34,0.829
1930,G,36,0.878
1931,E,36,0.878
1932,N,32,0.78
1933,G,26,0.634
1934,R,29,0.707
1935,S,36,0.878
1936,V,30,0.732
1937,D,36,0.878
1938,Q,36,0.878
1939,G,30,0.732
1940,G,30,0.732
1941,G,32,0.78
1942,G,32,0.78
1943,S,35,0.854
1944,P,33,0.805
1945,R,31,0.756
1946,K,33,0.805
1947,K,35,0.854
1948,V,35,0.854
1949,A,32,0.78
1950,L,32,0.78
1951,T,35,0.854
1952,E,35,0.854
1953,N,35,0.854
1954,Y,36,0.878
1955,E,36,0.878
1956,L,36,0.878
1957,V,36,0.878
1958,G,36,0.878
1959,V,36,0.878
1960,I,36,0.878
1961,V,36,0.878
1962,H,36,0.878
1963,S,36,0.878
1964,G,36,0.878
1965,Q,36,0.878
1966,A,36,0.878
1967,H,36,0.878
1968,A,36,0.878
1969,G,36,0.878
1970,H,36,0.878
1971,Y,36,0.878
1972,Y,36,0.878
1973,S,36,0.878
1974,F,36,0.878
1975,I,36,0.878
1976,K,36,0.878
1977,D,36,0.878
1978,R,36,0.878
1979,R,35,0.854
1980,G,34,0.829
1981,C,30,0.732
1982,G,34,0.829
1983,K,34,0.829
1984,G,35,0.854
1985,K,35,0.854
1986,W,35,0.854
1987,Y,35,0.854
1988,K,35,0.854
1989,F,35,0.854
1990,N,35,0.854
1991,D,35,0.854
1992,T,35,0.854
1993,V,35,0.854
1994,I,35,0.854
1995,E,35,0.854
1996,E,35,0.854
1997,F,35,0.854
1998,D,35,0.854
1999,L,35,0.854
2000,N,35,0.854
2001,D,35,0.854
2002,E,35,0.854
2003,T,35,0.854
2004,L,35,0.854
2005,E,35,0.854
2006,Y,36,0.878
2007,E,36,0.878
2008,C,36,0.878
2009,F,36,0.878
2010,G,36,0.878
2011,G,36,0.878
2012,E,35,0.854
2013,Y,35,0.854
2014,R,35,0.854
2015,P,35,0.854
2016,K,35,0.854
2017,V,34,0.829
2018,Y,34,0.829
2019,D,34,0.829
2020,Q,34,0.829
2021,T,34,0.829
2022,N,35,0.854
2023,P,35,0.854
2024,Y,35,0.854
2025,T,35,0.854
2026,D,35,0.854
2027,V,35,0.854
2028,R,35,0.854
2029,R,35,0.854
2030,R,35,0.854
2031,Y,35,0.854
2032,W,35,0.854
2033,N,35,0.854
2034,A,35,0.854
2035,Y,35,0.854
2036,M,35,0.854
2037,L,35,0.854
2038,F,35,0.854
2039,Y,35,0.854
2040,Q,35,0.854
2041,R,36,0.878
2042,V,36,0.878
2043,S,34,0.829
2044,D,34,0.829
2045,Q,33,0.805
2046,N,34,0.829
2047,S,34,0.829
2048,P,34,0.829
2049,V,33,0.805
2050,L,34,0.829
2051,P,34,0.829
2052,K,34,0.829
2053,K,34,0.829
2054,S,35,0.854
2055,R,35,0.854
2056,V,35,0.854
2057,S,34,0.829
2058,V,34,0.829
2059,V,27,0.659
2060,R,26,0.634
2061,Q,26,0.634
2062,E,26,0.634
2063,A,25,0.61
2064,E,24,0.585
2065,D,24,0.585
2066,L,26,0.634
2067,S,26,0.634
2068,L,26,0.634
2069,S,26,0.634
2070,A,26,0.634
2071,P,25,0.61
2072,S,25,0.61
2073,S,25,0.61
2074,P,25,0.61
2075,E,25,0.61
2076,I,25,0.61
2077,S,25,0.61
2078,P,25,0.61
2079,Q,25,0.61
2080,S,26,0.634
2081,S,31,0.756
2082,P,32,0.78
2083,R,33,0.805
2084,P,33,0.805
2085,H,34,0.829
2086,R,33,0.805
2087,P,29,0.707
2088,N,24,0.585
2089,N,24,0.585
2090,D,25,0.61
2091,R,25,0.61
2092,L,25,0.61
2093,S,25,0.61
2094,I,26,0.634
2095,L,26,0.634
2096,T,25,0.61
2097,K,26,0.634
2098,L,26,0.634
2099,V,26,0.634
2100,K,25,0.61
2101,K,25,0.61
2102,G,25,0.61
2103,E,25,0.61
2104,K,25,0.61
2105,K,25,0.61
2106,G,25,0.61
2107,L,25,0.61
2108,F,25,0.61
2109,V,24,0.585
2110,E,27,0.659
2111,K,33,0.805
2112,M,35,0.854
2113,P,35,0.854
2114,A,35,0.854
2115,R,35,0.854
2116,I,35,0.854
2117,Y,35,0.854
2118,Q,35,0.854
2119,M,36,0.878
2120,V,35,0.854
2121,R,35,0.854
2122,D,35,0.854
2123,E,35,0.854
2124,N,35,0.854
2125,L,35,0.854
2126,K,35,0.854
2127,F,35,0.854
2128,M,35,0.854
2129,K,35,0.854
2130,N,36,0.878
2131,R,36,0.878
2132,D,36,0.878
2133,V,36,0.878
2134,Y,36,0.878
2135,S,35,0.854
2136,S,35,0.854
2137,D,35,0.854
2138,Y,35,0.854
2139,F,35,0.854
2140,S,35,0.854
2141,F,35,0.854
2142,V,35,0.854
2143,L,35,0.854
2144,S,35,0.854
2145,L,35,0.854
2146,A,35,0.854
2147,S,35,0.854
2148,L,34,0.829
2149,N,34,0.829
2150,A,34,0.829
2151,T,36,0.878
2152,K,36,0.878
2153,L,36,0.878
2154,K,36,0.878
2155,H,36,0.878
2156,P,36,0.878
2157,Y,27,0.659
2158,Y,27,0.659
2159,P,36,0.878
2160,C,36,0.878
2161,M,36,0.878
2162,A,36,0.878
2163,K,36,0.878
2164,V,36,0.878
2165,S,36,0.878
2166,L,36,0.878
2167,Q,36,0.878
2168,L,36,0.878
2169,A,36,0.878
2170,I,36,0.878
2171,Q,36,0.878
2172,F,36,0.878
2173,L,36,0.878
2174,F,36,0.878
2175,Q,36,0.878
2176,T,36,0.878
2177,Y,36,0.878
2178,L,36,0.878
2179,R,36,0.878
2180,T,36,0.878
2181,K,36,0.878
2182,K,36,0.878
2183,K,36,0.878
2184,L,36,0.878
2185,R,36,0.878
2186,V,36,0.878
2187,D,35,0.854
2188,T,35,0.854
2189,E,35,0.854
2190,E,35,0.854
2191,W,35,0.854
2192,I,35,0.854
2193,A,35,0.854
2194,T,35,0.854
2195,I,35,0.854
2196,E,35,0.854
2197,A,35,0.854
2198,L,35,0.854
2199,L,35,0.854
2200,S,35,0.854
2201,K,35,0.854
2202,S,35,0.854
2203,F,35,0.854
2204,D,35,0.854
2205,A,35,0.854
2206,C,36,0.878
2207,Q,35,0.854
2208,W,35,0.854
2209,L,35,0.854
2210,V,35,0.854
2211,E,35,0.854
2212,Y,34,0.829
2213,F,34,0.829
2214,I,34,0.829
2215,S,34,0.829
2216,S,34,0.829
2217,E,34,0.829
2218,G,34,0.829
2219,R,34,0.829
2220,E,34,0.829
2221,L,32,0.78
2222,I,32,0.78
2223,K,31,0.756
2224,I,24,0.585
2225,F,35,0.854
2226,L,36,0.878
2227,L,36,0.878
2228,E,36,0.878
2229,C,36,0.878
2230,N,36,0.878
2231,V,36,0.878
2232,R,36,0.878
2233,E,36,0.878
2234,V,36,0.878
2235,R,36,0.878
2236,V,36,0.878
2237,A,36,0.878
2238,V,36,0.878
2239,A,36,0.878
2240,T,36,0.878
2241,I,36,0.878
2242,L,36,0.878
2243,E,36,0.878
2244,K,36,0.878
2245,T,36,0.878
2246,L,36,0.878
2247,D,36,0.878
2248,S,36,0.878
2249,A,36,0.878
2250,L,36,0.878
2251,F,36,0.878
2252,Y,36,0.878
2253,Q,36,0.878
2254,D,36,0.878
2255,K,14,0.341
2256,L,12,0.293
2257,K,34,0.829
2258,S,36,0.878
2259,L,36,0.878
2260,H,36,0.878
2261,Q,36,0.878
2262,L,36,0.878
2263,L,36,0.878
2264,E,36,0.878
2265,V,36,0.878
2266,L,36,0.878
2267,L,36,0.878
2268,A,36,0.878
2269,L,36,0.878
2270,L,36,0.878
2271,D,36,0.878
2272,K,36,0.878
2273,D,36,0.878
2274,V,36,0.878
2275,P,36,0.878
2276,E,36,0.878
2277,N,36,0.878
2278,C,36,0.878
2279,K,36,0.878
2280,N,36,0.878
2281,C,36,0.878
2282,A,36,0.878
2283,Q,36,0.878
2284,Y,36,0.878
2285,F,36,0.878
2286,F,36,0.878
2287,L,36,0.878
2288,F,36,0.878
2289,N,35,0.854
2290,T,35,0.854
2291,F,35,0.854
2292,V,35,0.854
2293,Q,25,0.61
2294,K,35,0.854
2295,Q,12,0.293
2296,G,33,0.805
2297,I,33,0.805
2298,R,33,0.805
2299,A,33,0.805
2300,G,33,0.805
2301,D,33,0.805
2302,L,33,0.805
2303,L,33,0.805
2304,L,33,0.805
2305,R,33,0.805
2306,H,28,0.683
2307,S,28,0.683
2308,A,28,0.683
2309,L,30,0.732
2310,R,30,0.732
2311,H,30,0.732
2312,M,33,0.805
2313,I,33,0.805
2314,S,33,0.805
2315,F,33,0.805
2316,L,33,0.805
2317,L,32,0.78
2318,G,32,0.78
2319,A,32,0.78
2320,S,31,0.756
2321,R,30,0.732
2322,Q,32,0.78
2323,N,31,0.756
2324,N,31,0.756
2325,Q,32,0.78
2326,I,32,0.78
2327,R,34,0.829
2328,R,25,0.61
2329,W,25,0.61
2330,S,34,0.829
2331,S,34,0.829
2332,A,35,0.854
2333,Q,35,0.854
2334,A,35,0.854
2335,R,35,0.854
2336,E,35,0.854
2337,F,35,0.854
2338,G,35,0.854
2339,N,35,0.854
2340,L,35,0.854
2341,H,35,0.854
2342,N,35,0.854
2343,T,35,0.854
2344,V,35,0.854
2345,A,35,0.854
2346,L,35,0.854
2347,L,35,0.854
2348,V,35,0.854
2349,L,35,0.854
2350,H,35,0.854
2351,S,35,0.854
2352,D,35,0.854
2353,V,35,0.854
2354,S,35,0.854
2355,S,35,0.854
2356,Q,35,0.854
2357,R,35,0.854
2358,N,35,0.854
2359,V,35,0.854
2360,A,35,0.854
2361,P,27,0.659
2362,G,28,0.683
2363,I,28,0.683
2364,F,35,0.854
2365,K,35,0.854
2366,Q,33,0.805
2367,R,34,0.829
2368,P,27,0.659
2369,P,27,0.659
2370,I,26,0.634
2371,S,33,0.805
2372,I,31,0.756
2373,A,33,0.805
2374,P,32,0.78
2375,S,34,0.829
2376,S,35,0.854
2377,P,35,0.854
2378,L,35,0.854
2379,L,35,0.854
2380,P,34,0.829
2381,L,34,0.829
2382,H,34,0.829
2383,E,34,0.829
2384,E,34,0.829
2385,V,35,0.854
2386,E,35,0.854
2387,A,35,0.854
2388,L,35,0.854
2389,L,35,0.854
2390,F,35,0.854
2391,M,34,0.829
2392,S,34,0.829
2393,E,34,0.829
2394,G,34,0.829
2395,K,23,0.561
2396,P,23,0.561
2397,Y,34,0.829
2398,L,35,0.854
2399,L,35,0.854
2400,E,35,0.854
2401,V,35,0.854
2402,M,34,0.829
2403,F,23,0.561
2404,A,23,0.561
2405,L,23,0.561
2406,R,23,0.561
2407,E,34,0.829
2408,L,35,0.854
2409,T,35,0.854
2410,G,35,0.854
2411,S,35,0.854
2412,L,35,0.854
2413,L,35,0.854
2414,A,35,0.854
2415,L,35,0.854
2416,I,35,0.854
2417,E,35,0.854
2418,M,35,0.854
2419,V,35,0.854
2420,V,35,0.854
2421,Y,35,0.854
2422,C,35,0.854
2423,C,35,0.854
2424,F,35,0.854
2425,C,35,0.854
2426,N,35,0.854
2427,E,35,0.854
2428,H,35,0.854
2429,F,35,0.854
2430,S,35,0.854
2431,F,35,0.854
2432,T,35,0.854
2433,M,35,0.854
2434,L,35,0.854
2435,H,34,0.829
2436,F,34,0.829
2437,I,34,0.829
2438,K,34,0.829
2439,N,34,0.829
2440,Q,35,0.854
2441,L,35,0.854
2442,E,35,0.854
2443,T,35,0.854
2444,A,35,0.854
2445,P,35,0.854
2446,P,35,0.854
2447,H,35,0.854
2448,E,35,0.854
2449,L,35,0.854
2450,K,35,0.854
2451,N,35,0.854
2452,T,35,0.854
2453,F,35,0.854
2454,Q,35,0.854
2455,L,35,0.854
2456,L,35,0.854
2457,H,35,0.854
2458,E,35,0.854
2459,I,35,0.854
2460,L,35,0.854
2461,V,34,0.829
2462,I,33,0.805
2463,E,33,0.805
2464,D,33,0.805
2465,P,33,0.805
2466,I,33,0.805
2467,Q,33,0.805
2468,V,33,0.805
2469,E,33,0.805
2470,R,34,0.829
2471,V,34,0.829
2472,K,34,0.829
2473,F,34,0.829
2474,V,34,0.829
2475,F,34,0.829
2476,E,34,0.829
2477,T,34,0.829
2478,E,34,0.829
2479,N,34,0.829
2480,G,34,0.829
2481,L,34,0.829
2482,L,34,0.829
2483,A,34,0.829
2484,L,34,0.829
2485,M,34,0.829
2486,H,34,0.829
2487,H,34,0.829
2488,S,35,0.854
2489,N,35,0.854
2490,H,35,0.854
2491,V,35,0.854
2492,D,35,0.854
2493,S,35,0.854
2494,S,35,0.854
2495,R,35,0.854
2496,C,35,0.854
2497,Y,35,0.854
2498,Q,35,0.854
2499,C,35,0.854
2500,V,35,0.854
2501,K,35,0.854
2502,F,35,0.854
2503,L,35,0.854
2504,V,35,0.854
2505,T,35,0.854
2506,L,35,0.854
2507,A,35,0.854
2508,Q,35,0.854
2509,K,35,0.854
2510,C,35,0.854
2511,P,35,0.854
2512,A,35,0.854
2513,A,35,0.854
2514,K,35,0.854
2515,E,35,0.854
2516,Y,35,0.854
2517,F,35,0.854
2518,K,35,0.854
2519,E,35,0.854
2520,N,35,0.854
2521,S,35,0.854
2522,H,35,0.854
2523,H,35,0.854
2524,W,35,0.854
2525,S,35,0.854
2526,W,35,0.854
2527,A,35,0.854
2528,V,31,0.756
2529,Q,31,0.756
2530,W,31,0.756
2531,L,31,0.756
2532,Q,30,0.732
2533,K,30,0.732
2534,K,30,0.732
2535,M,33,0.805
2536,S,33,0.805
2537,E,33,0.805
2538,H,33,0.805
2539,Y,33,0.805
2540,W,33,0.805
2541,T,33,0.805
2542,P,33,0.805
2543,Q,33,0.805
2544,S,33,0.805
2545,N,33,0.805
2546,V,28,0.683
2547,S,33,0.805
2548,N,33,0.805
2549,E,33,0.805
2550,T,33,0.805
2551,S,33,0.805
2552,T,33,0.805
2553,G,33,0.805
2554,K,33,0.805
2555,T,33,0.805
2556,F,33,0.805
2557,Q,33,0.805
2558,R,33,0.805
2559,T,33,0.805
2560,I,33,0.805
2561,S,33,0.805
2562,A,33,0.805
2563,Q,33,0.805
2564,D,34,0.829
2565,T,34,0.829
2566,L,34,0.829
2567,A,34,0.829
2568,Y,33,0.805
2569,A,33,0.805
2570,T,33,0.805
2571,A,33,0.805
2572,L,33,0.805
2573,L,33,0.805
2574,N,33,0.805
2575,E,33,0.805
2576,K,33,0.805
2577,E,28,0.683
2578,Q,28,0.683
2579,S,28,0.683
2580,G,28,0.683
2581,S,28,0.683
2582,S,28,0.683
2583,N,27,0.659
2584,G,27,0.659
2585,S,27,0.659
2586,E,27,0.659
2587,S,27,0.659
2588,S,26,0.634
2589,P,26,0.634
2590,A,26,0.634
2591,N,26,0.634
2592,E,26,0.634
2593,N,25,0.61
2594,G,25,0.61
2595,D,24,0.585
2596,R,24,0.585
2597,H,24,0.585
2598,L,24,0.585
2599,Q,24,0.585
2600,Q,24,0.585
2601,G,23,0.561
2602,S,23,0.561
2603,E,23,0.561
2604,S,23,0.561
2605,P,23,0.561
2606,M,21,0.512
2607,M,21,0.512
2608,I,21,0.512
2609,G,21,0.512
2610,E,21,0.512
2611,L,21,0.512
2612,R,21,0.512
2613,S,21,0.512
2614,D,21,0.512
2615,L,21,0.512
2616,D,21,0.512
2617,D,21,0.512
2618,V,20,0.488
2619,D,20,0.488
2620,P,16,0.39
